version: 1
creator: callgrind-3.6.1
pid: 24665
cmd:  build_callgrind/i
part: 1


desc: I1 cache: 
desc: D1 cache: 
desc: LL cache: 

desc: Timerange: Basic block 0 - 3145044203
desc: Trigger: Program termination

positions: line
events: Ir
summary: 15945928634


ob=(3) /lib64/libc-2.13.so
fl=(23) /var/tmp/portage/sys-libs/glibc-2.13-r4/work/glibc-2.13/io/../sysdeps/unix/syscall-template.S
fn=(280) __read_nocancel
82 158680

fn=(362) write
82 34356
cfn=(364) __write_nocancel
calls=17178 * 
* 85890

fn=(364)
82 85890

fn=(278) read
82 63472
cfn=(280)
calls=31736 * 
* 158680

fl=(24) /var/tmp/portage/sys-libs/glibc-2.13-r4/work/glibc-2.13/debug/../sysdeps/x86_64/multiarch/memset_chk.S
fn=(318) __memset_chk
28 1
+1 1
+2 1
+1 1
+1 1
+1 1
+1 1

fl=(25) /var/tmp/portage/sys-libs/glibc-2.13-r4/work/glibc-2.13/string/../sysdeps/x86_64/multiarch/../memset.S
fn=(320) __memset_chk_sse2
38 10
+1 20
+5 10
+1 10
+1 10
+4 10
+1 10
+1 10
+1 10
+2 10
+1 10
332 10
+1 10
+1 10
+1 10
+1 10
+1 10
+1 10
+1 10
+1 10
504 10
+1 10
+1 10
+1 10
+1 10
+1 10
+1 10
+5 10
+1 10
+1 10
+1 10
+1 10
1212 10
+1 10
+51 10
+1 10
+1 10
+1 10
+8 10
+1 10
+2 10
+1 10
+2 10
+2 1310730
+3 10
+3 10
+1 10
+17 10
+1 10
+1 20
+4 10
+2 10
+1 10
+1 10
+1 10
+1 10
+1 10
+1 10
+1 10
+1 10
+1 10
+1 10
+1 10
+1 10
+1 10
+1 10
+1 10
+2 10
+2 10
-21 777440
+2 777440
+1 777440
+1 777440
+1 777440
+1 777440
+1 777440
+1 777440
+1 777440
+1 777440
+1 777440
+1 777440
+1 777440
+1 777440
+1 777440
+1 777440
+1 777440
+2 777440
+2 777440
+2 10
+3 10
+2 10
+5 10
+1 10
+1 10
+1 10
+1 10

fl=(19) /var/tmp/portage/sys-libs/glibc-2.13-r4/work/glibc-2.13/setjmp/../sysdeps/x86_64/bsd-_setjmp.S
fn=(240) _setjmp
34 1
+2 1
cfi=(20) /var/tmp/portage/sys-libs/glibc-2.13-r4/work/glibc-2.13/setjmp/../sysdeps/x86_64/setjmp.S
cfn=(242) __sigsetjmp
calls=1 -10 
* 27

fl=(14) ???
fn=(186) _init
0 22
cfn=(188) _dl_vdso_vsym
calls=1 0 
0 12
0 9
cfn=(188)
calls=1 0 
0 12
0 7
cfn=(190) __init_misc
calls=1 0 
0 68
0 1
cfn=(194) __libc_global_ctors
calls=1 0 
0 1
0 11

fn=(264) _IO_file_doallocate
0 26
cfn=(266) _IO_file_stat
calls=2 0 
0 28
0 42
cfi=(22) /var/tmp/portage/sys-libs/glibc-2.13-r4/work/glibc-2.13/misc/../sysdeps/unix/syscall-template.S
cfn=(270) mmap
calls=2 82 
0 12
0 14
cfn=(272) _IO_setb
calls=2 0 
0 34
0 12

fn=(428) _IO_default_setbuf
0 9
cfn=(430) _IO_file_sync@@GLIBC_2.2.5
calls=1 0 
0 13
0 10
cfn=(272)
calls=1 0 
0 19
0 12

fn=(144) __init_cpu_features
0 50

fn=(212) __cxa_atexit
0 2
cfn=(214) __internal_atexit
calls=1 0 
0 58

fn=(262) _IO_doallocbuf
0 22
cfn=(264)
calls=2 0 
0 168
0 4

fn=(296) ptmalloc_init
0 22
cfn=(298) getpagesize
calls=1 0 
0 3
0 22
cfn=(302) __linkin_atfork
calls=1 0 
0 9
0 468
cfn=(300) _dl_addr
calls=1 0 
0 57087
0 9

fn=(304) _int_malloc
0 160
cfn=(306) malloc_consolidate
calls=1 0 
0 791
0 356
cfi=(22)
cfn=(270)
calls=3 82 
0 18
0 74
cfn=(308) __default_morecore
calls=1 0 
0 63
0 42
cfn=(308)
calls=1 0 
0 27
0 19

fn=(348) _IO_file_xsputn@@GLIBC_2.2.5
0 679281000
cfn=(350) _IO_file_overflow@@GLIBC_2.2.5
calls=17178 0 
0 2147276
0 326382
cfn=(354) _IO_default_xsputn
calls=17178 0 
0 972750
0 1306520105

fn=(354)
0 972750

fn=(358) new_do_write
0 274848
cfn=(360) _IO_file_write@@GLIBC_2.2.5
calls=17178 0 
0 755832
0 532518

fn=(426) _IO_file_setbuf@@GLIBC_2.2.5
0 3
cfn=(428)
calls=1 0 
0 63
0 12

fn=(430)
0 13

fn=(194)
0 1

fn=(210) (below main)
0 21
cfn=(212)
calls=1 0 
0 60
0 11
cob=(5) /home/evil/Studia/Przedmioty/WdP/I/build_callgrind/i
cfi=(17) ???
cfn=(218) __libc_csu_init
calls=1 0 
0 54
0 8
cfi=(19)
cfn=(240)
calls=1 34 
0 29
0 13
cob=(5)
cfi=(21) /home/evil/Studia/Przedmioty/WdP/I/main.c
cfn=(246) main
calls=1 49 
0 15945837060
0 2
cfn=(378) exit
calls=1 0 
0 1723
0 2

fn=(274) _IO_switch_to_get_mode
0 634720

fn=(292) malloc
0 81
cfn=(304)
calls=3 0 
0 603
0 45
cfn=(294) malloc_hook_ini
calls=1 0 
0 58612

fn=(293) malloc'2
0 24
cfn=(304)
calls=1 0 
0 947
0 13

fn=(294)
0 5
cfn=(296)
calls=1 0 
0 57620
0 3
cfn=(293)
calls=1 0 
0 984

fn=(310) sbrk
0 30
cfn=(312) brk
calls=1 0 
0 12
0 18
cfn=(312)
calls=1 0 
0 12
0 4

fn=(352) _IO_do_write@@GLIBC_2.2.5
0 103075
cfn=(358)
calls=17178 0 
0 1563198
0 103068

fn=(422) _IO_cleanup
0 7
cfn=(424) _IO_flush_all_lockp
calls=1 0 
0 223
0 49
cfn=(426)
calls=1 0 
0 78
0 46

fn=(258) _IO_default_uflow
0 126944
cfn=(260) _IO_file_underflow@@GLIBC_2.2.5
calls=31736 0 
0 2316832
0 253888

fn=(260)
0 507776
cfn=(274)
calls=31736 0 
0 634720
0 380832
cfn=(276) _IO_file_read
calls=31736 0 
0 412568
0 380837
cfn=(262)
calls=1 0 
0 97
0 2

fn=(284) __strtol_internal
0 33
cfn=(286) ____strtol_l_internal
calls=11 0 
0 2485

fn=(300)
0 15
cob=(1) /lib64/ld-2.13.so
cfi=(1) ???
cfn=(38) rtld_lock_default_lock_recursive
calls=1 0 
0 2
0 31
cob=(1)
cfi=(1)
cfn=(40) rtld_lock_default_unlock_recursive
calls=1 0 
0 2
0 57037

fn=(350)
0 377955
cfn=(352)
calls=17179 0 
0 1769341
0 2
cfn=(262)
calls=1 0 
0 97
0 6

fn=(188)
0 24

fn=(190)
0 12
cfi=(16) /var/tmp/portage/sys-libs/glibc-2.13-r4/work/glibc-2.13/string/../sysdeps/x86_64/multiarch/../strrchr.S
cfn=(192) __GI_strrchr
calls=1 26 
0 44
0 12

fn=(282) _IO_sputbackc
0 600000330

fn=(286)
0 2485

fn=(302)
0 9

fn=(410) __cxa_finalize
0 48
cfn=(412) __unregister_atfork
calls=1 0 
0 13

fn=(424)
0 45
cfn=(350)
calls=1 0 
0 125
0 53

fn=(214)
0 9
cfn=(216) __new_exitfn
calls=1 0 
0 35
0 14

fn=(252) __isoc99_scanf
0 420000462
cfn=(254) _IO_vfscanf
calls=10000011 0 
0 7098591345
0 220000242

fn=(272)
0 53

fn=(344) vfprintf
0 233479225
cfi=(28) /var/tmp/portage/sys-libs/glibc-2.13-r4/work/glibc-2.13/string/../sysdeps/x86_64/strchrnul.S
cfn=(346) strchrnul
calls=7075128 27 
0 162727944
0 84901536
cfn=(348)
calls=7075128 0 
0 134427432
0 1139095606
cfi=(28)
cfn=(346)
calls=14150256 27 
0 325455888
0 127352304
cfn=(348)
calls=14150256 0 
0 821292000
0 233479224
cfn=(348)
calls=7075128 0 
0 622763112
0 551440632
cfn=(348)
calls=7075128 0 
0 410764969
0 148577688
cfn=(356) _itoa_word
calls=7075128 0 
0 155958576
0 275929992

fn=(360)
0 395094
cfi=(23)
cfn=(362)
calls=17178 82 
0 120246
0 240492

fn=(370) free
0 56
cfn=(376) _int_free
calls=1 0 
0 76
0 30
cfn=(372) munmap_chunk
calls=1 0 
0 21
0 6
cfn=(372)
calls=2 0 
0 42

fn=(432) _Exit
0 5

fn=(216)
0 35

fn=(256) __uflow
0 666456
cfn=(258)
calls=31736 0 
0 2697664
0 126944

fn=(268) _fxstat
0 20

fn=(276)
0 190416
cfi=(23)
cfn=(278)
calls=31736 82 
0 222152

fn=(312)
0 24

fn=(356)
0 155958576

fn=(378)
0 4
cfn=(380) __run_exit_handlers
calls=1 0 
0 1719

fn=(412)
0 13

fn=(266)
0 8
cfn=(268)
calls=2 0 
0 20

fn=(298)
0 3

fn=(306)
0 791

fn=(342) __printf_chk
0 311305632
cfn=(344)
calls=7075128 0 
0 5427646128
0 198103584

fn=(244) __sigjmp_save
0 9

fn=(254)
0 2509986932
cfn=(282)
calls=20000011 0 
0 300000165
0 920001862
cfn=(282)
calls=11 0 
0 165
0 176
cfn=(284)
calls=11 0 
0 2518
0 2724729328
cfn=(282)
calls=20000000 0 
0 300000000
0 340133950
cfn=(256)
calls=26757 0 
0 2943270
0 200374
cfn=(256)
calls=4979 0 
0 547794
0 44811

fn=(308)
0 4
cfn=(310)
calls=2 0 
0 76
0 10

fn=(372)
0 48
cfi=(22)
cfn=(374) munmap
calls=3 82 
0 15

fn=(376)
0 76

fn=(380)
0 34
cob=(1)
cfi=(1)
cfn=(382) _dl_fini
calls=1 0 
0 1260
0 12
cfn=(422)
calls=1 0 
0 403
0 5
cfn=(432)
calls=1 0 
0 5

fn=(420) __libc_fini
0 1

fl=(20)
fn=(242)
26 1
+2 1
+1 2
+1 1
+4 1
+1 1
+1 1
+1 1
+1 1
+2 2
+2 1
+1 1
+2 2
+2 1
+9 1
cfi=(14)
cfn=(244)
calls=1 -56 
* 9

fl=(28)
fn=(346)
27 21225384
+1 21225384
+1 21225384
+1 21225384
+1 21225384
+1 21225384
+1 21225384
+1 21225384
+1 21225384
+1 21225384
+1 21225384
+1 21225384
+1 21225384
+1 21225384
+1 21225384
+1 21225384
+1 21225384
+1 21225384
+1 21225384
+1 21225384
+12 21225384
+1 21225384
+1 21225384

fl=(16)
fn=(192)
26 1
+1 1
+1 1
+1 1
+1 1
+1 1
+1 1
+1 1
+1 1
+1 1
+1 1
+1 1
+1 1
+1 1
+1 1
+1 1
+1 1
+1 1
+1 1
+1 1
+1 1
+1 1
+1 1
+2 1
+1 1
+1 1
+1 1
+1 1
+1 1
+1 1
+1 1
+1 1
+1 1
+2 1
+1 1
+1 1
+1 1
+7 1
+1 1
+1 1
+1 1
+1 1
+1 1
+1 1

fl=(22)
fn=(270)
82 25
+1 5

fn=(374)
82 12
+1 3

fl=(13) /var/tmp/portage/sys-libs/glibc-2.13-r4/work/glibc-2.13/string/../sysdeps/x86_64/multiarch/strcmp.S
fn=(146) strncasecmp
124 1
+1 1
+3 1
+1 1
+1 1
+5 1

fn=(334) __strcmp_sse42
230 9999990
+1 9999990
+2 9999990
+1 9999990
+21 9999990
+1 9999990
+1 7656241
+1 7656241
+1 5862457
+1 5862457
+21 5862457
+1 5862457
+1 5862457
+1 5862457
+1 5862457
+1 5862457
+1 5862457
+15 4137533
+1 4137533
+1 4137533
+1 4137533
+1 4137533
+1 4137533
+1 4137533
+1 4137533
+1 3880929
+1 1940832
+1 1940832
+1 1940832
+2 1940832
+1 1940832
+1 1940832
+1 1940832
+1 1940832
+1 1940832
-5 1940097
+1 1940097
+1 1940097
+1 1940097
+1 1940097
+1 1940097
+10 256604
+1 256604
+1 256604
+2 256604
+6 256604
+1 256604
+1 256604
+1 256604
+1 256604
+5 256604
+2 51826
+1 51826
+1 51826
+6 103652
+3 51826
+2 51826
+6 51826
+1 51826
+25 51826
+5 41918
+1 41918
+1 41918
+6 41918
+1 41918
+11 19327
+1 19327
+1 19327
+1 19327
+1 19327
+2 19327
+1 19327
+1 19327
+1 19327
+1 19327
+1 19327
+1 19327
+1 19327
+3 19327
+1 19327
+1 19327
+6 19327
+1 19327
+1 19327
+1 38654
+4 19327
+1 19327
+2 19251
+1 19251
+2 19251
+6 19251
+29 76
+1 76
+1 76
+1 76
+5 76
+1 76
+2 76
+9 53509
+1 53509
+1 53509
+1 53509
+1 53509
+2 53509
+1 53509
+1 53509
+1 53509
+1 53509
+1 53509
+1 53509
+1 51537
+3 51537
+1 51537
+1 51537
+6 51537
+1 51537
+1 51537
+1 103074
+4 51537
+1 51537
+2 51112
+1 51112
+2 51112
+6 51112
+29 425
+1 425
+1 425
+1 425
+5 425
+1 425
+2 425
+9 87980
+1 87980
+1 87980
+1 87980
+1 87980
+2 87980
+1 87980
+1 87980
+1 87980
+1 87980
+1 87980
+1 87980
+1 80296
+4 80296
+1 80296
+1 80296
+6 80296
+1 80296
+1 80296
+1 80296
+3 80296
+1 80296
+2 79647
+1 79647
+2 79647
+6 79647
+29 649
+1 649
+1 649
+1 649
+5 649
+1 649
+2 649
+9 122600
+1 122600
+1 122600
+1 122600
+1 122600
+2 122600
+1 122600
+1 122600
+1 122600
+1 122600
+1 122600
+1 122600
+1 98634
+4 98634
+1 98634
+1 98634
+6 98634
+1 98634
+1 98634
+1 197268
+4 98634
+1 98634
+2 97804
+1 97804
+2 97804
+6 97804
+29 830
+1 830
+1 830
+1 830
+5 830
+1 830
+2 830
+9 156333
+1 156333
+1 156333
+1 156333
+1 156333
+2 156333
+1 156333
+1 156333
+1 156333
+1 156333
+1 156333
+1 156333
+1 103827
+4 103827
+1 103827
+1 103827
+6 103827
+1 103827
+1 103827
+1 207654
+4 103827
+1 103827
+2 102841
+1 102841
+2 102841
+6 102841
+30 986
+1 986
+1 986
+1 986
+5 986
+1 986
+2 986
+9 189861
+1 189861
+1 189861
+1 189861
+1 189861
+2 189861
+1 189861
+1 189861
+1 189861
+1 189861
+1 189861
+1 189861
+1 103500
+4 103500
+1 103500
+1 103500
+6 103500
+1 103500
+1 103500
+1 207000
+4 103500
+1 103500
+2 102549
+1 102549
+2 102549
+6 102549
+29 951
+1 951
+1 951
+1 951
+5 951
+1 951
+2 951
+9 225072
+1 225072
+1 225072
+1 225072
+1 225072
+2 225072
+1 225072
+1 225072
+1 225072
+1 225072
+1 225072
+1 225072
+1 104262
+4 104262
+1 104262
+1 104262
+6 104262
+1 104262
+1 104262
+1 208524
+4 104262
+1 104262
-1 26
+1 26
+2 103381
+1 103381
+2 103381
+6 103381
+29 907
+1 907
+1 907
+1 907
+5 907
+1 907
+2 881
+9 258469
+1 258469
+1 258469
+1 258469
+1 258469
+2 258469
+1 258469
+1 258469
+1 258469
+1 258469
+1 258469
+1 258469
+1 103712
+4 103712
+1 103712
+1 103712
+6 103712
+1 103712
+1 103712
+1 207424
+4 103712
+1 103712
-1 82
+1 82
+2 102877
+1 102877
+2 102877
+6 102877
+29 917
+1 917
+1 917
+1 917
+5 917
+1 917
+2 835
+9 292523
+1 292523
+1 292523
+1 292523
+1 292523
+2 292523
+1 292523
+1 292523
+1 292523
+1 292523
+1 292523
+1 292523
+1 103725
+4 103725
+1 103725
+1 103725
+6 103725
+1 103725
+1 103725
+1 207450
+4 103725
+1 103725
-1 180
+1 180
+2 102999
+2 102999
+2 102999
+6 102999
+29 906
+1 906
+1 906
+1 906
+5 906
+1 906
+2 726
+9 326240
+1 326240
+1 326240
+1 326240
+1 326240
+2 326240
+1 326240
+1 326240
+1 326240
+1 326240
+1 326240
+1 326240
+1 103669
+4 103669
+1 103669
+1 103669
+6 103669
+1 103669
+1 103669
+1 207338
+4 103669
+1 103669
-1 267
+1 267
+2 103056
+1 103056
+2 103056
+6 103056
+29 880
+1 880
+1 880
+1 880
+5 880
+1 880
+2 613
+9 361041
+1 361041
+1 361041
+1 361041
+1 361041
+2 361041
+1 361041
+1 361041
+1 361041
+1 361041
+1 361041
+1 361041
+1 104268
+4 104268
+1 104268
+1 104268
+6 104268
+1 104268
+1 104268
+1 208536
+4 104268
+1 104268
-1 411
+1 411
+2 103760
+1 103760
+2 103760
+6 103760
+29 919
+1 919
+1 919
+1 919
+5 919
+1 919
+2 508
+9 395554
+1 395554
+1 395554
+1 395554
+1 395554
+2 395554
+1 395554
+1 395554
+1 395554
+1 395554
+1 395554
+1 395554
+1 103736
+4 103736
+1 103736
+1 103736
+6 103736
+1 103736
+1 103736
+1 207472
+4 103736
+1 103736
-1 486
+1 486
+2 103336
+1 103336
+2 103336
+6 103336
+29 886
+1 886
+1 886
+1 886
+5 886
+1 886
+2 400
+9 430236
+1 430236
+1 430236
+1 430236
+1 430236
+2 430236
+1 430236
+1 430236
+1 430236
+1 430236
+1 430236
+1 430236
+1 103853
+4 103853
+1 103853
+1 103853
+6 103853
+1 103853
+1 103853
+2 207706
+4 103853
+1 103853
-1 647
+1 647
+2 103531
+1 103531
+2 103531
+6 103531
+29 969
+1 969
+1 969
+1 969
+5 969
+1 969
+2 322
+9 463757
+1 463757
+1 463757
+1 463757
+1 463757
+2 463757
+1 463757
+1 463757
+1 463757
+1 463757
+1 463757
+1 463757
+1 103859
+4 103859
+1 103859
+1 103859
+6 103859
+1 103859
+1 103859
+2 207718
+4 103859
+1 103859
-1 746
+1 746
+2 103640
+1 103640
+2 103640
+6 103640
+29 965
+1 965
+1 965
+1 965
+5 965
+1 965
+2 219
+9 498427
+1 498427
+1 498427
+1 498427
+1 498427
+2 498427
+1 498427
+1 498427
+1 498427
+1 498427
+1 498427
+1 498427
+2 104304
+4 104304
+1 104304
+1 104304
+6 104304
+1 104304
+2 104304
+2 208608
+4 104304
+1 104304
-1 835
+1 835
+2 104188
+1 104188
+2 104188
+6 104188
+29 951
+1 951
+1 951
+1 951
+5 951
+1 951
+4 17074
+8 1392509
+5 1113828
+1 1113828
+1 1113828
+1 1113828
+1 1113828
+1 1113828
+1 557626
+8 557626
+1 557626
-1 556202
+1 556202
+3 2693198
+1 2693198
+1 2693198
+1 2693198
+1 2487578
+5 1243789
+6 1243789
+1 1243789
+8 1243789
+1 1243789
-16 7311866
+6 7311866
+1 7311866
+8 7311866
+1 7311866
+3 288589
+1 288589

fn=(142) strcasecmp
106 1
+1 1
+1 1
cfi=(14)
cfn=(144)
calls=1 0 
* 50
+2 1
+1 1
+1 1
+5 1

fn=(332) strcmp
89 1
+1 1
+3 1
+1 1
+1 1
+5 1

ob=(1)
fl=(5) /var/tmp/portage/sys-libs/glibc-2.13-r4/work/glibc-2.13/string/../sysdeps/x86_64/multiarch/../strcmp.S
fn=(42) strcmp
135 210
+1 210
+1 210
+1 130
+1 130
+1 130
+1 130
cfn=(43) strcmp'2
calls=130 -6 
* 9592
+5 80
+1 80
+1 80
+1 80

fn=(43)
135 1336
+1 1336
+1 1336
+1 1326
+1 1326
+1 1326
+1 1326
cfn=(43)
calls=1206 -6 
* 51384
+2 120
+1 120
+2 10
+1 10
+1 10
+1 10

fl=(11) /var/tmp/portage/sys-libs/glibc-2.13-r4/work/glibc-2.13/misc/../sysdeps/unix/syscall-template.S
fn=(90) mmap
82 45
+1 9

fn=(158) munmap
82 4
+1 1

fn=(92) mprotect
82 24
+1 6

fl=(9) /var/tmp/portage/sys-libs/glibc-2.13-r4/work/glibc-2.13/string/../sysdeps/x86_64/multiarch/../strchr.S
fn=(74) index
26 5
+1 5
+1 5
+1 5
+1 5
+1 5
+1 5
+1 5
+1 5
+1 5
+1 5
+1 5
+1 5
+1 5
+1 5
+1 5
+1 5
+1 5
+1 5
+1 5
+1 5
+2 6
+1 6
+1 6
+1 6
+1 6
+1 6
+1 6
+1 6
+1 6
+2 5
+1 5
+1 1
+1 1
+1 1
+1 1
+1 4
+1 5

fl=(8) /var/tmp/portage/sys-libs/glibc-2.13-r4/work/glibc-2.13/setjmp/../sysdeps/x86_64/setjmp.S
fn=(66) __sigsetjmp
26 3
+2 3
+1 6
+1 3
+4 3
+1 3
+1 3
+1 3
+1 3
+2 6
+2 3
+1 3
+2 6
+2 3
+4 3
+1 3

fl=(1)
fn=(6) _dl_sysdep_start
0 474
cfn=(8) brk
calls=1 0 
0 11
0 7
cfn=(12) sbrk
calls=1 0 
0 17
0 11
cfn=(14) dl_main
calls=1 0 
0 86944
0 27
cfi=(2) /var/tmp/portage/sys-libs/glibc-2.13-r4/work/glibc-2.13/string/../sysdeps/x86_64/multiarch/../rtld-strlen.S
cfn=(10) strlen
calls=1 29 
0 39
0 2

fn=(20) _dl_new_object
0 45
cfi=(2)
cfn=(10)
calls=3 29 
0 151
0 57
cfn=(24) calloc
calls=3 0 
0 144
0 39
cfi=(4) /var/tmp/portage/sys-libs/glibc-2.13-r4/work/glibc-2.13/string/../sysdeps/x86_64/multiarch/../memcpy.S
cfn=(34) memcpy
calls=3 56 
0 93
0 197
cfi=(2)
cfn=(10)
calls=2 29 
0 107
0 58
cfn=(28) malloc
calls=2 0 
0 58
0 16
cfi=(7) /var/tmp/portage/sys-libs/glibc-2.13-r4/work/glibc-2.13/string/../sysdeps/x86_64/memcpy.S
cfn=(52) mempcpy
calls=2 56 
0 76
0 176

fn=(40)
0 10

fn=(120) _dl_check_map_versions
0 170
cfn=(72) _dl_name_match_p
calls=7 0 
0 517
0 96
cfn=(122) match_symbol
calls=3 0 
0 509
0 6
cfn=(122)
calls=2 0 
0 306
0 304
cfn=(24)
calls=3 0 
0 114
0 641

fn=(136) _dl_lookup_symbol_x
0 16281
cfn=(138) do_lookup_x
calls=98 0 
0 40329
0 3388

fn=(152) _dl_allocate_tls_init
0 43
cfi=(7)
cfn=(52)
calls=1 56 
0 23
0 4
cfi=(12) /var/tmp/portage/sys-libs/glibc-2.13-r4/work/glibc-2.13/string/../sysdeps/x86_64/multiarch/../memset.S
cfn=(94) memset
calls=1 44 
0 27
0 27

fn=(164) call_init
0 118
cob=(3)
cfi=(14)
cfn=(186)
calls=1 0 
0 143
cob=(2) ???
cfi=(3) ???
cfn=(166) 0x0000000004a1f4e8
calls=1 0 
0 29
0 46

fn=(384) _dl_sort_fini
0 28
cfi=(12)
cfn=(94)
calls=1 44 
0 17
0 21
cfi=(12)
cfn=(94)
calls=2 44 
0 22
0 107

fn=(32) __libc_memalign
0 388
cfi=(11)
cfn=(90)
calls=3 82 
0 18
0 164

fn=(60) do_preload
0 17
cfn=(62) _dl_catch_error
calls=1 0 
0 2228
0 10

fn=(70) _dl_map_object
0 143
cfn=(72)
calls=7 0 
0 499
0 61
cfi=(9)
cfn=(74)
calls=2 26 
0 62
0 9
cfn=(76) expand_dynamic_string_token
calls=1 0 
0 246
0 13
cfn=(80) open_verify
calls=1 0 
0 177
0 37
cfn=(86) _dl_map_object_from_fd
calls=2 0 
0 3029
0 10
cfi=(2)
cfn=(10)
calls=1 29 
0 58
0 21
cfn=(104) cache_rpath
calls=1 0 
0 6
0 8
cfn=(106) _dl_load_cache_lookup
calls=1 0 
0 1194
0 17
cfn=(80)
calls=1 0 
0 215
0 5
cfn=(78) local_strdup
calls=1 0 
0 135
0 27
cfn=(104)
calls=1 0 
0 6
0 22
cfn=(104)
calls=1 0 
0 6
0 34
cfi=(5)
cfn=(42)
calls=2 135 
0 21
0 6

fn=(80)
0 43
cfi=(10) /var/tmp/portage/sys-libs/glibc-2.13-r4/work/glibc-2.13/io/../sysdeps/unix/syscall-template.S
cfn=(82) open
calls=2 82 
0 10
0 20
cfi=(10)
cfn=(84) read
calls=2 82 
0 10
0 309

fn=(108) _dl_sysdep_read_whole_file
0 11
cfi=(10)
cfn=(82)
calls=1 82 
0 5
0 7
cfn=(88) _fxstat
calls=1 0 
0 10
0 8
cfi=(10)
cfn=(96) close
calls=1 82 
0 5
0 14
cfi=(11)
cfn=(90)
calls=1 82 
0 6
0 2

fn=(118) _dl_check_all_versions
0 40
cfn=(120)
calls=4 0 
0 2663
0 35

fn=(130) allocate_dtv
0 8
cfn=(24)
calls=1 0 
0 38
0 11

fn=(132) security_init
0 17

fn=(154) _dl_sysdep_start_cleanup
0 1

fn=(0) 0x00000000000015b0
0 2
cfn=(2) _dl_start
calls=1 0 
0 88253
0 14
cfn=(162) _dl_init
calls=1 0 
0 413
0 3
cob=(5)
cfi=(17)
cfn=(198) 0x0000000000400afc
calls=1 0 
0 15945839949

fn=(2)
0 567
cfn=(4) _dl_setup_hash
calls=1 0 
0 23
0 17
cfn=(6)
calls=1 0 
0 87532
0 114

fn=(16) process_envvars
0 23
cfn=(18) _dl_next_ld_env_entry
calls=1 0 
0 468
0 2
cfn=(18)
calls=1 0 
0 6
0 92

fn=(28)
0 54
cfn=(32)
calls=18 0 
0 521

fn=(72)
0 301
cfi=(5)
cfn=(42)
calls=43 135 
0 308
0 574
cfi=(5)
cfn=(42)
calls=47 135 
0 734
0 352

fn=(8)
0 11

fn=(24)
0 72
cfn=(28)
calls=8 0 
0 285

fn=(44) _dl_discover_osversion
0 17
cfi=(6) /var/tmp/portage/sys-libs/glibc-2.13-r4/work/glibc-2.13/posix/../sysdeps/unix/syscall-template.S
cfn=(46) uname
calls=1 82 
0 5
0 62

fn=(54) _dl_debug_initialize
0 45

fn=(114) _dl_receive_error
0 11
cfn=(64) _dl_initial_error_catch_tsd
calls=1 0 
0 2
0 7
cfn=(116) version_check_doit
calls=1 0 
0 2748
0 10

fn=(116)
0 6
cfn=(118)
calls=1 0 
0 2738
0 4

fn=(124) init_tls.part.3
0 7
cfn=(24)
calls=1 0 
0 61
0 34
cfn=(126) _dl_determine_tlsoffset
calls=1 0 
0 61
0 1
cfn=(128) _dl_allocate_tls_storage
calls=1 0 
0 431
0 16

fn=(14)
0 24
cfn=(16)
calls=1 0 
0 591
0 10
cfn=(20)
calls=1 0 
0 251
0 10
cfn=(36) _dl_add_to_namespace_list
calls=1 0 
0 33
0 146
cfi=(5)
cfn=(42)
calls=1 135 
0 7
0 302
cfn=(4)
calls=1 0 
0 23
0 12
cfn=(48) _dl_init_paths
calls=1 0 
0 508
0 3
cfn=(54)
calls=1 0 
0 18
0 64
cfn=(56) _dl_debug_state
calls=1 0 
0 1
0 9
cfi=(10)
cfn=(98) access
calls=1 82 
0 11
0 18
cfn=(100) _dl_map_object_deps
calls=1 0 
0 5399
0 80
cfn=(114)
calls=1 0 
0 2778
0 7
cfn=(132)
calls=1 0 
0 17
0 83
cfn=(134) _dl_relocate_object
calls=3 0 
0 66492
0 12
cfn=(150) _dl_add_to_slotinfo
calls=1 0 
0 25
0 27
cfn=(152)
calls=1 0 
0 124
0 9
cfn=(54)
calls=1 0 
0 9
0 2
cfn=(56)
calls=1 0 
0 1
0 1
cfn=(156) _dl_unload_cache
calls=1 0 
0 15
0 52
cfn=(134)
calls=1 0 
0 5570
0 7
cfn=(154)
calls=1 0 
0 1
0 19
cfn=(124)
calls=1 0 
0 611
0 5
cfn=(44)
calls=1 0 
0 84
0 16
cfi=(2)
cfn=(10)
calls=1 29 
0 105
0 8
cfi=(4)
cfn=(34)
calls=1 56 
0 84
0 12
cfn=(58) strsep
calls=1 0 
0 944
0 3
cfn=(58)
calls=1 0 
0 4
0 15
cfn=(60)
calls=1 0 
0 2255
0 27

fn=(18)
0 474

fn=(36)
0 21
cfn=(38)
calls=3 0 
0 6
0 68
cfn=(40)
calls=2 0 
0 4
0 12
cfn=(40)
calls=1 0 
0 2
0 2

fn=(140) check_match.10789
0 2054
cfi=(5)
cfn=(42)
calls=20 135 
0 1650
0 2572
cfi=(5)
cfn=(42)
calls=92 135 
0 7926
0 372

fn=(156)
0 7
cfi=(11)
cfn=(158)
calls=1 82 
0 5
0 3

fn=(382)
0 22
cfn=(38)
calls=1 0 
0 2
0 73
cfn=(384)
calls=1 0 
0 195
0 2
cfn=(40)
calls=1 0 
0 2
0 67
cob=(3)
cfi=(14)
cfn=(420)
calls=1 0 
0 1
0 19
cob=(2)
cfi=(3)
cfn=(396) 0x0000000004a1f778
calls=1 0 
0 791
cob=(2)
cfi=(3)
cfn=(386) 0x0000000000400cb8
calls=1 0 
0 22
0 64

fn=(50) _dl_important_hwcaps
0 61
cfn=(28)
calls=1 0 
0 29
0 175
cfi=(7)
cfn=(52)
calls=1 56 
0 22
0 5
cfi=(7)
cfn=(52)
calls=1 56 
0 22
0 5

fn=(62)
0 27
cfn=(64)
calls=3 0 
0 6
0 18
cfi=(8)
cfn=(66)
calls=3 26 
0 57
0 24
cfn=(102) openaux
calls=2 0 
0 3942
cfn=(68) map_doit
calls=1 0 
0 2171
0 39

fn=(64)
0 8

fn=(68)
0 9
cfn=(70)
calls=1 0 
0 2159
0 3

fn=(88)
0 30

fn=(106)
0 198
cfn=(110) _dl_cache_libcmp
calls=10 0 
0 695
0 58
cfn=(108)
calls=1 0 
0 68
0 62
cfn=(110)
calls=1 0 
0 72
0 41

fn=(122)
0 344
cfi=(5)
cfn=(42)
calls=5 135 
0 416
0 55

fn=(4)
0 92

fn=(12)
0 17

fn=(104)
0 18

fn=(110)
0 210
cfn=(111) _dl_cache_libcmp'2
calls=1 0 
0 6
0 551

fn=(111)
0 6

fn=(112) _dl_next_tls_modid
0 6

fn=(128)
0 7
cfn=(32)
calls=1 0 
0 49
0 312
cfn=(130)
calls=1 0 
0 57
0 6

fn=(208) _dl_fixup
0 407
cfn=(136)
calls=8 0 
0 5823
0 242
cob=(3)
cfi=(13)
cfn=(332)
calls=1 89 
0 6
cob=(3)
cfi=(24)
cfn=(318)
calls=1 28 
0 7
0 2

fn=(102)
0 28
cfn=(70)
calls=2 0 
0 3908
0 6

fn=(126)
0 61

fn=(134)
0 14819
cfn=(136)
calls=87 0 
0 52625
0 2541
cob=(3)
cfi=(13)
cfn=(146)
calls=1 124 
0 6
cob=(3)
cfi=(13)
cfn=(142)
calls=1 106 
0 57
0 17
cfn=(148) _dl_protect_relro
calls=4 0 
0 96
0 196
cfn=(136)
calls=3 0 
0 1550
0 155

fn=(138)
0 17256
cfn=(72)
calls=29 0 
0 1253
0 6588
cfn=(140)
calls=94 0 
0 14574
0 658

fn=(148)
0 60
cfi=(11)
cfn=(92)
calls=4 82 
0 20
0 16

fn=(150)
0 25

fn=(162)
0 47
cfn=(164)
calls=3 0 
0 234
0 7
cfn=(164)
calls=1 0 
0 31
0 21
cfn=(164)
calls=1 0 
0 71
0 2

fn=(38)
0 10

fn=(48)
0 12
cfn=(50)
calls=1 0 
0 319
0 3
cfn=(28)
calls=1 0 
0 29
0 13
cfn=(28)
calls=1 0 
0 29
0 103

fn=(56)
0 2

fn=(58)
0 948

fn=(76)
0 12
cfi=(9)
cfn=(74)
calls=1 26 
0 52
0 11
cfn=(78)
calls=1 0 
0 171

fn=(78)
0 10
cfi=(2)
cfn=(10)
calls=2 29 
0 135
0 6
cfn=(28)
calls=2 0 
0 58
0 18
cfi=(4)
cfn=(34)
calls=2 56 
0 79

fn=(86)
0 34
cfn=(54)
calls=2 0 
0 18
0 10
cfn=(88)
calls=2 0 
0 20
0 97
cfn=(20)
calls=2 0 
0 966
0 401
cfn=(112)
calls=1 0 
0 6
0 266
cfi=(11)
cfn=(90)
calls=2 82 
0 12
0 100
cfi=(12)
cfn=(94)
calls=2 44 
0 140
0 68
cfi=(11)
cfn=(90)
calls=2 82 
0 12
0 593
cfi=(10)
cfn=(96)
calls=1 82 
0 5
0 2
cfi=(10)
cfn=(96)
calls=1 82 
0 5
0 24
cfn=(4)
calls=2 0 
0 46
0 30
cfn=(36)
calls=2 0 
0 82
0 36
cfi=(11)
cfn=(92)
calls=2 82 
0 10
0 10
cfi=(11)
cfn=(90)
calls=1 82 
0 6
0 30

fn=(100)
0 423
cfi=(9)
cfn=(74)
calls=2 26 
0 68
0 20
cfn=(62)
calls=2 0 
0 4056
0 72
cfn=(28)
calls=2 0 
0 58
0 20
cfi=(4)
cfn=(34)
calls=2 56 
0 41
0 8
cfi=(4)
cfn=(34)
calls=2 56 
0 41
0 106
cfn=(28)
calls=1 0 
0 29
0 84
cfi=(12)
cfn=(94)
calls=1 44 
0 17
0 93
cfi=(12)
cfn=(94)
calls=2 44 
0 22
0 210
cfi=(4)
cfn=(34)
calls=1 56 
0 28
0 3

fl=(10)
fn=(84)
82 8
+1 2

fn=(96)
82 12
+1 3

fn=(98)
82 4
+1 1
+1 6

fn=(82)
82 12
+1 3

fl=(12)
fn=(94)
44 9
+1 9
+1 9
+1 2
+1 2
+2 7
+1 7
+1 7
+1 7
+2 7
+1 7
+2 6
+5 6
+1 6
+1 6
+1 6
+1 6
329 1
+1 1
+1 1
+1 1
+1 1
+1 1
+1 1
+1 1
+1 1
+1 1
+1 1
+1 1
-8 1
+1 1
+1 1
+1 1
+1 1
+1 1
+1 1
+1 1
+1 1
-2 1
+1 1
+1 1
+25 2
+1 2
+50 2
+1 2
+87 1
+1 1
+1 1
+1 1
+1 1
+1 1
+1 1
+5 1
+1 1
+1 1
+1 1
+1 1
+36 1
+1 1
1212 1
+1 2
+4 1
+1 1
+1 2
+5 1
+2 1
+1 1
+1 1
+1 1
+1 1
+1 1
+1 1
+1 1
+1 1
+1 1
+1 1
+1 1
+1 1
+1 1
+1 1
+1 1
+2 1
+2 1
-21 3
+2 3
+1 3
+1 3
+1 3
+1 3
+1 3
+1 3
+1 3
+1 3
+1 3
+1 3
+1 3
+1 3
+1 3
+1 3
+1 3
+2 3
+2 3
+3 1
+1 1
+6 1
+1 1
+1 1
+1 1
+1 1

fl=(2)
fn=(10)
29 10
+1 10
+1 10
+1 10
+2 5
+1 5
+2 5
+1 5
-1 12
+1 12
+1 17
+1 17
+1 17
+2 20
+5 10
+1 10
+1 10
+1 10
+3 10
-6 4
+1 4
+1 4
+1 4
+3 4
+1 13
+1 13
+1 13
+2 13
+3 10
+1 10
+1 10
+1 10
+3 10
+1 10
+1 10
+1 10
+2 10
+3 8
+1 8
+1 8
+1 8
+3 8
+1 4
+1 4
+1 4
+2 4
+3 4
+1 4
+1 4
+1 4
+3 4
+1 4
+1 4
+1 4
+2 4
+3 10
+2 10
+1 10
+1 8
+2 8
+1 8
+1 5
+2 5
+1 5
+1 5
+2 5
+1 5
+1 5
+2 5
+2 5
+1 5
+1 4
+2 4
+1 4
+7 10
+1 10

fl=(18) /var/tmp/portage/sys-libs/glibc-2.13-r4/work/glibc-2.13/elf/../sysdeps/x86_64/dl-trampoline.S
fn=(206) _dl_runtime_resolve
30 8
+2 8
+1 8
+1 8
+1 8
+1 8
+1 8
+1 8
+1 8
+1 8
+1 8
cfi=(1)
cfn=(208)
calls=8 -41 
* 6487
+1 8
+1 8
+1 8
+1 8
+1 8
+1 8
+1 8
+1 8
+1 8
+2 8

fl=(4)
fn=(34)
56 11
+2 11
+2 11
+3 10
+1 10
+2 3
+1 3
+2 3
+1 3
+5 3
+1 3
-1 7
+1 7
+2 3
+1 3
+2 3
+1 6
+5 3
+1 3
-1 7
+1 7
+2 1
+1 1
+2 1
+1 1
+5 1
+1 1
-1 9
+1 9
+2 4
+1 4
+2 4
+1 4
+5 4
+1 4
-1 6
+1 11
+5 5
+1 5
+1 5
+1 5
+2 5
+2 5
+1 5
+2 5
+8 10
+8 4
+6 4
+2 4
+1 4
+3 1
+1 2
+5 1
+1 1
+2 1
+2 1
+1 1
+2 1
-8 4
+1 4
+2 4
+2 4
+1 4
+2 5
+9 1
+1 1
-1 3
+1 3
+3 4
+1 4
+1 4
+5 4
+2 4
+1 4
+1 4
+1 4
+2 4
+1 4
+1 4
+1 4
+2 4
+1 4
+2 4
+22 4
+6 4
+1 4
+2 1

fl=(6)
fn=(46)
82 4
+1 1

fl=(7)
fn=(52)
56 5
+4 5
+3 5
+1 5
+2 2
+1 2
+2 2
+1 2
+5 2
+1 2
-1 3
+1 3
+2 3
+1 3
+2 3
+1 3
+5 3
+1 3
-1 2
+1 2
+2 1
+1 1
+2 1
+1 1
+5 1
+1 1
-1 4
+1 4
+11 5
+1 8
+5 3
+1 3
+1 3
+1 3
+2 3
+2 3
+1 3
+2 3
+6 5
+4 5
+12 1
+2 1
+1 1
+26 1
+1 1
+3 1
+1 1
+1 1
+5 1
+2 1
+1 1
+1 1
+1 1
+2 1
+1 1
+1 1
+1 1
+2 1
+1 1
+2 1
+22 1
+2 1

ob=(2)
fl=(3)
fn=(166)
0 2
cob=(4) /usr/lib64/valgrind/vgpreload_core-amd64-linux.so
cfi=(15) ???
cfn=(168) 0x0000000000000530
calls=1 0 
0 6
0 1
cob=(4)
cfi=(15)
cfn=(174) 0x00000000000005d0
calls=1 0 
0 6
0 1
cob=(4)
cfi=(15)
cfn=(180) 0x0000000000000740
calls=1 0 
0 11
0 2

fn=(396)
0 2
cob=(4)
cfi=(15)
cfn=(398) 0x0000000000000550
calls=1 0 
0 787
0 2

fn=(220) 0x00000000004007e8
0 2
cob=(5)
cfi=(17)
cfn=(222) 0x0000000000400b28
calls=1 0 
0 6
0 1
cob=(5)
cfi=(17)
cfn=(228) 0x0000000000400bb0
calls=1 0 
0 6
0 1
cob=(5)
cfi=(17)
cfn=(234) 0x0000000000400c80
calls=1 0 
0 11
0 2

fn=(386)
0 2
cob=(5)
cfi=(17)
cfn=(388) 0x0000000000400b40
calls=1 0 
0 18
0 2

ob=(5)
fl=(17)
fn=(198)
0 11
cob=(3)
cfi=(14)
cfn=(210)
calls=1 0 
0 15945838983
cob=(1)
cfi=(18)
cfn=(206)
calls=1 30 
0 955

fn=(228)
0 6

fn=(222)
0 6

fn=(234)
0 11

fn=(218)
0 15
cob=(2)
cfi=(3)
cfn=(220)
calls=1 0 
0 29
0 10

fn=(388)
0 18

fl=(21)
fn=(246)
49 1
+3 2
-3 6
+3 2
cob=(3)
cfi=(14)
cfn=(252)
calls=1 -52 
* 844
cob=(1)
cfi=(18)
cfn=(206)
calls=1 -22 
* 901
+1 2
cob=(3)
cfi=(14)
cfn=(292)
calls=1 -53 
* 58627
cob=(1)
cfi=(18)
cfn=(206)
calls=1 -23 
* 779
+1 1
-1 1
+1 1
cob=(3)
cfi=(14)
cfn=(292)
calls=1 -54 
* 189
+1 1
-1 1
+1 1
cob=(3)
cfi=(14)
cfn=(292)
calls=1 -55 
* 189
+1 1
-1 1
+1 1
cob=(3)
cfi=(14)
cfn=(292)
calls=1 -56 
* 336
* 4
+3 3
-2 2
+2 2999997
-2 1999998
+4 5
+3 40
cob=(3)
cfi=(14)
cfn=(252)
calls=10 -64 
* 8810
+1 10
fi=(26) /usr/include/bits/string3.h
+20 30
fe=(21)
-20 30
fi=(26)
+20 10
cob=(3)
cfi=(25)
cfn=(320)
calls=10 -47 
* 16082870
cob=(1)
cfi=(18)
cfn=(206)
calls=1 -55 
* 892
fe=(21)
-19 60
+2 30
-2 20
+2 10
cob=(3)
cfi=(14)
cfn=(252)
calls=10 -68 
* 7503
* 29999970
-2 19999980
+2 9999990
cob=(3)
cfi=(14)
cfn=(252)
calls=9999990 -68 
* 7738574892
-2 30000000
+51 10
-47 10
fi=(26)
+15 20
fe=(21)
-37 60
fi=(26)
+37 20
fe=(21)
-12 10
fi=(26)
+12 190
fe=(21)
-12 90
fi=(26)
+12 9190
fe=(21)
-12 200
+4 400
-4 200
+4 399999600
-4 200000000
+10 300
-4 200
+4 26700
-4 17800
+6 200
-37 300
+40 600
-3 100
+3 200
-3 100
+3 599999400
-3 99999900
+3 199999800
-3 100000000
-15 560
+30 50
-39 50
+51 2
cob=(3)
cfi=(14)
cfn=(370)
calls=1 0 
* 46
cob=(1)
cfi=(18)
cfn=(206)
calls=1 -82 
* 747
+1 2
cob=(3)
cfi=(14)
cfn=(370)
calls=1 0 
* 40
+1 2
cob=(3)
cfi=(14)
cfn=(370)
calls=1 0 
* 40
+1 2
cob=(3)
cfi=(14)
cfn=(370)
calls=1 0 
* 105
+3 9
-18 30
+3 79999960
cob=(3)
cfi=(13)
cfn=(334)
calls=9999990 230 
* 332384766
cob=(1)
cfi=(18)
cfn=(206)
calls=1 -73 
* 803
* 29999970
+1 2924872
-4 49999990
fi=(27) /usr/include/bits/stdio2.h
+5 42450768
cob=(3)
cfi=(14)
cfn=(342)
calls=7075128 0 
* 5937055344
cob=(1)
cfi=(18)
cfn=(206)
calls=1 -75 
* 875
fe=(21)
+3 21225384

ob=(4)
fl=(15)
fn=(174)
0 6

fn=(168)
0 6

fn=(180)
0 11

fn=(398)
0 10
cob=(3)
cfi=(14)
cfn=(410)
calls=1 0 
0 61
cob=(1)
cfi=(18)
cfn=(206)
calls=1 30 
0 703
0 13

totals: 15945928634
