version: 1
creator: callgrind-3.6.1
pid: 24660
cmd:  build_callgrind/i
part: 1


desc: I1 cache: 
desc: D1 cache: 
desc: LL cache: 

desc: Timerange: Basic block 0 - 849932346
desc: Trigger: Program termination

positions: line
events: Ir
summary: 4270790723


ob=(3) /lib64/libc-2.13.so
fl=(23) /var/tmp/portage/sys-libs/glibc-2.13-r4/work/glibc-2.13/io/../sysdeps/unix/syscall-template.S
fn=(278) read
82 19040
cfn=(280) __read_nocancel
calls=9520 * 
* 47600

fn=(280)
82 47600

fn=(362) write
82 7574
cfn=(364) __write_nocancel
calls=3787 * 
* 18930

fn=(364)
82 18930

fl=(24) /var/tmp/portage/sys-libs/glibc-2.13-r4/work/glibc-2.13/debug/../sysdeps/x86_64/multiarch/memset_chk.S
fn=(318) __memset_chk
28 1
+1 1
+2 1
+1 1
+1 1
+1 1
+1 1

fl=(25) /var/tmp/portage/sys-libs/glibc-2.13-r4/work/glibc-2.13/string/../sysdeps/x86_64/multiarch/../memset.S
fn=(320) __memset_chk_sse2
38 3
+1 6
+5 3
+1 3
+1 3
+4 3
+1 3
+1 3
+1 3
+2 3
+1 3
332 3
+1 3
+1 3
+1 3
+1 3
+1 3
+1 3
+1 3
+1 3
504 3
+1 3
+1 3
+1 3
+1 3
+1 3
+1 3
+5 3
+1 3
+1 3
+1 3
+1 3
1212 3
+1 3
+51 3
+1 3
+1 3
+1 3
+8 3
+1 3
+2 3
+1 3
+2 3
+2 393219
+3 3
+3 3
+1 3
+17 3
+1 3
+1 6
+4 3
+2 3
+1 3
+1 3
+1 3
+1 3
+1 3
+1 3
+1 3
+1 3
+1 3
+1 3
+1 3
+1 3
+1 3
+1 3
+1 3
+2 3
+2 3
-21 233232
+2 233232
+1 233232
+1 233232
+1 233232
+1 233232
+1 233232
+1 233232
+1 233232
+1 233232
+1 233232
+1 233232
+1 233232
+1 233232
+1 233232
+1 233232
+1 233232
+2 233232
+2 233232
+2 3
+3 3
+2 3
+5 3
+1 3
+1 3
+1 3
+1 3

fl=(19) /var/tmp/portage/sys-libs/glibc-2.13-r4/work/glibc-2.13/setjmp/../sysdeps/x86_64/bsd-_setjmp.S
fn=(240) _setjmp
34 1
+2 1
cfi=(20) /var/tmp/portage/sys-libs/glibc-2.13-r4/work/glibc-2.13/setjmp/../sysdeps/x86_64/setjmp.S
cfn=(242) __sigsetjmp
calls=1 -10 
* 27

fl=(14) ???
fn=(186) _init
0 22
cfn=(188) _dl_vdso_vsym
calls=1 0 
0 12
0 9
cfn=(188)
calls=1 0 
0 12
0 7
cfn=(190) __init_misc
calls=1 0 
0 68
0 1
cfn=(194) __libc_global_ctors
calls=1 0 
0 1
0 11

fn=(264) _IO_file_doallocate
0 26
cfn=(266) _IO_file_stat
calls=2 0 
0 28
0 42
cfi=(22) /var/tmp/portage/sys-libs/glibc-2.13-r4/work/glibc-2.13/misc/../sysdeps/unix/syscall-template.S
cfn=(270) mmap
calls=2 82 
0 12
0 14
cfn=(272) _IO_setb
calls=2 0 
0 34
0 12

fn=(144) __init_cpu_features
0 50

fn=(212) __cxa_atexit
0 2
cfn=(214) __internal_atexit
calls=1 0 
0 58

fn=(262) _IO_doallocbuf
0 22
cfn=(264)
calls=2 0 
0 168
0 4

fn=(296) ptmalloc_init
0 22
cfn=(298) getpagesize
calls=1 0 
0 3
0 22
cfn=(302) __linkin_atfork
calls=1 0 
0 9
0 468
cfn=(300) _dl_addr
calls=1 0 
0 57087
0 9

fn=(304) _int_malloc
0 160
cfn=(306) malloc_consolidate
calls=1 0 
0 791
0 356
cfi=(22)
cfn=(270)
calls=3 82 
0 18
0 74
cfn=(308) __default_morecore
calls=1 0 
0 63
0 42
cfn=(308)
calls=1 0 
0 27
0 19

fn=(348) _IO_file_xsputn@@GLIBC_2.2.5
0 149751281
cfn=(350) _IO_file_overflow@@GLIBC_2.2.5
calls=3788 0 
0 473470
0 71953
cfn=(354) _IO_default_xsputn
calls=3787 0 
0 215970
0 288032506

fn=(354)
0 215970

fn=(358) new_do_write
0 60592
cfn=(360) _IO_file_write@@GLIBC_2.2.5
calls=3787 0 
0 166605
0 117370

fn=(194)
0 1

fn=(210) (below main)
0 21
cfn=(212)
calls=1 0 
0 60
0 11
cob=(5) /home/evil/Studia/Przedmioty/WdP/I/build_callgrind/i
cfi=(17) ???
cfn=(218) __libc_csu_init
calls=1 0 
0 54
0 8
cfi=(19)
cfn=(240)
calls=1 34 
0 29
0 13
cob=(5)
cfi=(21) /home/evil/Studia/Przedmioty/WdP/I/main.c
cfn=(246) main
calls=1 49 
0 4270700874
0 2

fn=(274) _IO_switch_to_get_mode
0 190400

fn=(292) malloc
0 81
cfn=(304)
calls=3 0 
0 603
0 45
cfn=(294) malloc_hook_ini
calls=1 0 
0 58612

fn=(293) malloc'2
0 24
cfn=(304)
calls=1 0 
0 947
0 13

fn=(294)
0 5
cfn=(296)
calls=1 0 
0 57620
0 3
cfn=(293)
calls=1 0 
0 984

fn=(310) sbrk
0 30
cfn=(312) brk
calls=1 0 
0 12
0 18
cfn=(312)
calls=1 0 
0 12
0 4

fn=(352) _IO_do_write@@GLIBC_2.2.5
0 22729
cfn=(358)
calls=3787 0 
0 344567
0 22716

fn=(258) _IO_default_uflow
0 38080
cfn=(260) _IO_file_underflow@@GLIBC_2.2.5
calls=9520 0 
0 695064
0 76160

fn=(260)
0 152320
cfn=(274)
calls=9520 0 
0 190400
0 114240
cfn=(276) _IO_file_read
calls=9520 0 
0 123760
0 114245
cfn=(262)
calls=1 0 
0 97
0 2

fn=(284) __strtol_internal
0 12
cfn=(286) ____strtol_l_internal
calls=4 0 
0 840

fn=(300)
0 15
cob=(1) /lib64/ld-2.13.so
cfi=(1) ???
cfn=(38) rtld_lock_default_lock_recursive
calls=1 0 
0 2
0 31
cob=(1)
cfi=(1)
cfn=(40) rtld_lock_default_unlock_recursive
calls=1 0 
0 2
0 57037

fn=(350)
0 83353
cfn=(352)
calls=3788 0 
0 390012
0 2
cfn=(262)
calls=1 0 
0 97
0 6

fn=(188)
0 24

fn=(190)
0 12
cfi=(16) /var/tmp/portage/sys-libs/glibc-2.13-r4/work/glibc-2.13/string/../sysdeps/x86_64/multiarch/../strrchr.S
cfn=(192) __GI_strrchr
calls=1 26 
0 44
0 12

fn=(282) _IO_sputbackc
0 180000120

fn=(286)
0 840

fn=(302)
0 9

fn=(214)
0 9
cfn=(216) __new_exitfn
calls=1 0 
0 35
0 14

fn=(252) __isoc99_scanf
0 126000168
cfn=(254) _IO_vfscanf
calls=3000004 0 
0 2129503389
0 66000088

fn=(272)
0 34

fn=(344) vfprintf
0 51471817
cfi=(28) /var/tmp/portage/sys-libs/glibc-2.13-r4/work/glibc-2.13/string/../sysdeps/x86_64/strchrnul.S
cfn=(346) strchrnul
calls=1559752 27 
0 35874296
0 18717024
cfn=(348)
calls=1559752 0 
0 29635288
0 251120000
cfi=(28)
cfn=(346)
calls=3119502 27 
0 71748546
0 28075518
cfn=(348)
calls=3119502 0 
0 181059205
0 51471789
cfn=(348)
calls=1559752 0 
0 137297176
0 121568944
cfn=(348)
calls=1559751 0 
0 90553511
0 32754771
cfn=(356) _itoa_word
calls=1559751 0 
0 34382814
0 60830289

fn=(360)
0 87097
cfi=(23)
cfn=(362)
calls=3787 82 
0 26504
0 53004

fn=(216)
0 35

fn=(256) __uflow
0 199920
cfn=(258)
calls=9520 0 
0 809304
0 38080

fn=(268) _fxstat
0 20

fn=(276)
0 57120
cfi=(23)
cfn=(278)
calls=9520 82 
0 66640

fn=(312)
0 24

fn=(356)
0 34382814

fn=(266)
0 8
cfn=(268)
calls=2 0 
0 20

fn=(298)
0 3

fn=(306)
0 791

fn=(342) __printf_chk
0 68629088
cfn=(344)
calls=1559752 0 
0 1196560988
0 43673028

fn=(244) __sigjmp_save
0 9

fn=(254)
0 752996151
cfn=(282)
calls=6000004 0 
0 90000060
0 276000637
cfn=(282)
calls=4 0 
0 60
0 64
cfn=(284)
calls=4 0 
0 852
0 817344439
cfn=(282)
calls=6000000 0 
0 90000000
0 102040125
cfn=(256)
calls=8013 0 
0 881430
0 60134
cfn=(256)
calls=1507 0 
0 165874
0 13563

fn=(308)
0 4
cfn=(310)
calls=2 0 
0 76
0 10

fl=(20)
fn=(242)
26 1
+2 1
+1 2
+1 1
+4 1
+1 1
+1 1
+1 1
+1 1
+2 2
+2 1
+1 1
+2 2
+2 1
+9 1
cfi=(14)
cfn=(244)
calls=1 -56 
* 9

fl=(28)
fn=(346)
27 4679254
+1 4679254
+1 4679254
+1 4679254
+1 4679254
+1 4679254
+1 4679254
+1 4679254
+1 4679254
+1 4679254
+1 4679254
+1 4679254
+1 4679254
+1 4679254
+1 4679254
+1 4679254
+1 4679254
+1 4679254
+1 4679254
+1 4679254
+12 4679254
+1 4679254
+1 4679254

fl=(16)
fn=(192)
26 1
+1 1
+1 1
+1 1
+1 1
+1 1
+1 1
+1 1
+1 1
+1 1
+1 1
+1 1
+1 1
+1 1
+1 1
+1 1
+1 1
+1 1
+1 1
+1 1
+1 1
+1 1
+1 1
+2 1
+1 1
+1 1
+1 1
+1 1
+1 1
+1 1
+1 1
+1 1
+1 1
+2 1
+1 1
+1 1
+1 1
+7 1
+1 1
+1 1
+1 1
+1 1
+1 1
+1 1

fl=(22)
fn=(270)
82 25
+1 5

fl=(13) /var/tmp/portage/sys-libs/glibc-2.13-r4/work/glibc-2.13/string/../sysdeps/x86_64/multiarch/strcmp.S
fn=(146) strncasecmp
124 1
+1 1
+3 1
+1 1
+1 1
+5 1

fn=(334) __strcmp_sse42
230 2208563
+1 2208563
+2 2208563
+1 2208563
+21 2208563
+1 2208563
+1 1690556
+1 1690556
+1 1294727
+1 1294727
+21 1294727
+1 1294727
+1 1294727
+1 1294727
+1 1294727
+1 1294727
+1 1294727
+15 913836
+1 913836
+1 913836
+1 913836
+1 913836
+1 913836
+1 913836
+1 913836
+1 857327
+1 428352
+1 428352
+1 428352
+2 428352
+1 428352
+1 428352
+1 428352
+1 428352
+1 428352
-5 428975
+1 428975
+1 428975
+1 428975
+1 428975
+1 428975
+10 56509
+1 56509
+1 56509
+2 56509
+6 56509
+1 56509
+1 56509
+1 56509
+1 56509
+5 56509
+2 11376
+1 11376
+1 11376
+6 22752
+3 11376
+2 11376
+6 11376
+1 11376
+25 11376
+5 9242
+1 9242
+1 9242
+6 9242
+1 9242
+11 4310
+1 4310
+1 4310
+1 4310
+1 4310
+2 4310
+1 4310
+1 4310
+1 4310
+1 4310
+1 4310
+1 4310
+1 4310
+3 4310
+1 4310
+1 4310
+6 4310
+1 4310
+1 4310
+1 8620
+4 4310
+1 4310
+2 4291
+1 4291
+2 4291
+6 4291
+29 19
+1 19
+1 19
+1 19
+5 19
+1 19
+2 19
+9 11903
+1 11903
+1 11903
+1 11903
+1 11903
+2 11903
+1 11903
+1 11903
+1 11903
+1 11903
+1 11903
+1 11903
+1 11436
+3 11436
+1 11436
+1 11436
+6 11436
+1 11436
+1 11436
+1 22872
+4 11436
+1 11436
+2 11348
+1 11348
+2 11348
+6 11348
+29 88
+1 88
+1 88
+1 88
+5 88
+1 88
+2 88
+9 19493
+1 19493
+1 19493
+1 19493
+1 19493
+2 19493
+1 19493
+1 19493
+1 19493
+1 19493
+1 19493
+1 19493
+1 17756
+4 17756
+1 17756
+1 17756
+6 17756
+1 17756
+1 17756
+1 17756
+3 17756
+1 17756
+2 17616
+1 17616
+2 17616
+6 17616
+29 140
+1 140
+1 140
+1 140
+5 140
+1 140
+2 140
+9 27206
+1 27206
+1 27206
+1 27206
+1 27206
+2 27206
+1 27206
+1 27206
+1 27206
+1 27206
+1 27206
+1 27206
+1 21892
+4 21892
+1 21892
+1 21892
+6 21892
+1 21892
+1 21892
+1 43784
+4 21892
+1 21892
+2 21698
+1 21698
+2 21698
+6 21698
+29 194
+1 194
+1 194
+1 194
+5 194
+1 194
+2 194
+9 34541
+1 34541
+1 34541
+1 34541
+1 34541
+2 34541
+1 34541
+1 34541
+1 34541
+1 34541
+1 34541
+1 34541
+1 23091
+4 23091
+1 23091
+1 23091
+6 23091
+1 23091
+1 23091
+1 46182
+4 23091
+1 23091
+2 22878
+1 22878
+2 22878
+6 22878
+30 213
+1 213
+1 213
+1 213
+5 213
+1 213
+2 213
+9 41881
+1 41881
+1 41881
+1 41881
+1 41881
+2 41881
+1 41881
+1 41881
+1 41881
+1 41881
+1 41881
+1 41881
+1 22712
+4 22712
+1 22712
+1 22712
+6 22712
+1 22712
+1 22712
+1 45424
+4 22712
+1 22712
+2 22517
+1 22517
+2 22517
+6 22517
+29 195
+1 195
+1 195
+1 195
+5 195
+1 195
+2 195
+9 49828
+1 49828
+1 49828
+1 49828
+1 49828
+2 49828
+1 49828
+1 49828
+1 49828
+1 49828
+1 49828
+1 49828
+1 23188
+4 23188
+1 23188
+1 23188
+6 23188
+1 23188
+1 23188
+1 46376
+4 23188
+1 23188
-1 7
+1 7
+2 22993
+1 22993
+2 22993
+6 22993
+29 202
+1 202
+1 202
+1 202
+5 202
+1 202
+2 195
+9 57039
+1 57039
+1 57039
+1 57039
+1 57039
+2 57039
+1 57039
+1 57039
+1 57039
+1 57039
+1 57039
+1 57039
+1 22808
+4 22808
+1 22808
+1 22808
+6 22808
+1 22808
+1 22808
+1 45616
+4 22808
+1 22808
-1 19
+1 19
+2 22613
+1 22613
+2 22613
+6 22613
+29 214
+1 214
+1 214
+1 214
+5 214
+1 214
+2 195
+9 64808
+1 64808
+1 64808
+1 64808
+1 64808
+2 64808
+1 64808
+1 64808
+1 64808
+1 64808
+1 64808
+1 64808
+1 22973
+4 22973
+1 22973
+1 22973
+6 22973
+1 22973
+1 22973
+1 45946
+4 22973
+1 22973
-1 45
+1 45
+2 22816
+2 22816
+2 22816
+6 22816
+29 202
+1 202
+1 202
+1 202
+5 202
+1 202
+2 157
+9 71856
+1 71856
+1 71856
+1 71856
+1 71856
+2 71856
+1 71856
+1 71856
+1 71856
+1 71856
+1 71856
+1 71856
+1 22754
+4 22754
+1 22754
+1 22754
+6 22754
+1 22754
+1 22754
+1 45508
+4 22754
+1 22754
-1 69
+1 69
+2 22617
+1 22617
+2 22617
+6 22617
+29 206
+1 206
+1 206
+1 206
+5 206
+1 206
+2 137
+9 79538
+1 79538
+1 79538
+1 79538
+1 79538
+2 79538
+1 79538
+1 79538
+1 79538
+1 79538
+1 79538
+1 79538
+1 23029
+4 23029
+1 23029
+1 23029
+6 23029
+1 23029
+1 23029
+1 46058
+4 23029
+1 23029
-1 88
+1 88
+2 22929
+1 22929
+2 22929
+6 22929
+29 188
+1 188
+1 188
+1 188
+5 188
+1 188
+2 100
+9 87257
+1 87257
+1 87257
+1 87257
+1 87257
+2 87257
+1 87257
+1 87257
+1 87257
+1 87257
+1 87257
+1 87257
+1 22862
+4 22862
+1 22862
+1 22862
+6 22862
+1 22862
+1 22862
+1 45724
+4 22862
+1 22862
-1 107
+1 107
+2 22773
+1 22773
+2 22773
+6 22773
+29 196
+1 196
+1 196
+1 196
+5 196
+1 196
+2 89
+9 95014
+1 95014
+1 95014
+1 95014
+1 95014
+2 95014
+1 95014
+1 95014
+1 95014
+1 95014
+1 95014
+1 95014
+1 22899
+4 22899
+1 22899
+1 22899
+6 22899
+1 22899
+1 22899
+2 45798
+4 22899
+1 22899
-1 135
+1 135
+2 22831
+1 22831
+2 22831
+6 22831
+29 203
+1 203
+1 203
+1 203
+5 203
+1 203
+2 68
+9 102201
+1 102201
+1 102201
+1 102201
+1 102201
+2 102201
+1 102201
+1 102201
+1 102201
+1 102201
+1 102201
+1 102201
+1 22848
+4 22848
+1 22848
+1 22848
+6 22848
+1 22848
+1 22848
+2 45696
+4 22848
+1 22848
-1 146
+1 146
+2 22792
+1 22792
+2 22792
+6 22792
+29 202
+1 202
+1 202
+1 202
+5 202
+1 202
+2 56
+9 110452
+1 110452
+1 110452
+1 110452
+1 110452
+2 110452
+1 110452
+1 110452
+1 110452
+1 110452
+1 110452
+1 110452
+2 22959
+4 22959
+1 22959
+1 22959
+6 22959
+1 22959
+2 22959
+2 45918
+4 22959
+1 22959
-1 185
+1 185
+2 22920
+1 22920
+2 22920
+6 22920
+29 224
+1 224
+1 224
+1 224
+5 224
+1 224
+4 3770
+8 307517
+5 245406
+1 245406
+1 245406
+1 245406
+1 245406
+1 245406
+1 122796
+8 122796
+1 122796
-1 122610
+1 122610
+3 594943
+1 594943
+1 594943
+1 594943
+1 549096
+5 274548
+6 274548
+1 274548
+8 274548
+1 274548
-16 1615122
+6 1615122
+1 1615122
+8 1615122
+1 1615122
+3 64245
+1 64245

fn=(142) strcasecmp
106 1
+1 1
+1 1
cfi=(14)
cfn=(144)
calls=1 0 
* 50
+2 1
+1 1
+1 1
+5 1

fn=(332) strcmp
89 1
+1 1
+3 1
+1 1
+1 1
+5 1

ob=(1)
fl=(5) /var/tmp/portage/sys-libs/glibc-2.13-r4/work/glibc-2.13/string/../sysdeps/x86_64/multiarch/../strcmp.S
fn=(42) strcmp
135 203
+1 203
+1 203
+1 127
+1 127
+1 127
+1 127
cfn=(43) strcmp'2
calls=127 -6 
* 9383
+5 76
+1 76
+1 76
+1 76

fn=(43)
135 1307
+1 1307
+1 1307
+1 1297
+1 1297
+1 1297
+1 1297
cfn=(43)
calls=1180 -6 
* 50268
+2 117
+1 117
+2 10
+1 10
+1 10
+1 10

fl=(11) /var/tmp/portage/sys-libs/glibc-2.13-r4/work/glibc-2.13/misc/../sysdeps/unix/syscall-template.S
fn=(90) mmap
82 45
+1 9

fn=(158) munmap
82 4
+1 1

fn=(92) mprotect
82 24
+1 6

fl=(9) /var/tmp/portage/sys-libs/glibc-2.13-r4/work/glibc-2.13/string/../sysdeps/x86_64/multiarch/../strchr.S
fn=(74) index
26 5
+1 5
+1 5
+1 5
+1 5
+1 5
+1 5
+1 5
+1 5
+1 5
+1 5
+1 5
+1 5
+1 5
+1 5
+1 5
+1 5
+1 5
+1 5
+1 5
+1 5
+2 6
+1 6
+1 6
+1 6
+1 6
+1 6
+1 6
+1 6
+1 6
+2 5
+1 5
+1 1
+1 1
+1 1
+1 1
+1 4
+1 5

fl=(8) /var/tmp/portage/sys-libs/glibc-2.13-r4/work/glibc-2.13/setjmp/../sysdeps/x86_64/setjmp.S
fn=(66) __sigsetjmp
26 3
+2 3
+1 6
+1 3
+4 3
+1 3
+1 3
+1 3
+1 3
+2 6
+2 3
+1 3
+2 6
+2 3
+4 3
+1 3

fl=(1)
fn=(4) _dl_setup_hash
0 92

fn=(12) sbrk
0 17

fn=(104) cache_rpath
0 18

fn=(110) _dl_cache_libcmp
0 210
cfn=(111) _dl_cache_libcmp'2
calls=1 0 
0 6
0 551

fn=(111)
0 6

fn=(112) _dl_next_tls_modid
0 6

fn=(128) _dl_allocate_tls_storage
0 7
cfn=(32) __libc_memalign
calls=1 0 
0 49
0 312
cfn=(130) allocate_dtv
calls=1 0 
0 57
0 6

fn=(208) _dl_fixup
0 312
cfn=(136) _dl_lookup_symbol_x
calls=6 0 
0 4570
0 182
cob=(3)
cfi=(13)
cfn=(332)
calls=1 89 
0 6
cob=(3)
cfi=(24)
cfn=(318)
calls=1 28 
0 7
0 2

fn=(102) openaux
0 28
cfn=(70) _dl_map_object
calls=2 0 
0 3908
0 6

fn=(126) _dl_determine_tlsoffset
0 61

fn=(134) _dl_relocate_object
0 14819
cfn=(136)
calls=87 0 
0 52625
0 2541
cob=(3)
cfi=(13)
cfn=(146)
calls=1 124 
0 6
cob=(3)
cfi=(13)
cfn=(142)
calls=1 106 
0 57
0 17
cfn=(148) _dl_protect_relro
calls=4 0 
0 96
0 196
cfn=(136)
calls=3 0 
0 1550
0 155

fn=(138) do_lookup_x
0 16914
cfn=(72) _dl_name_match_p
calls=27 0 
0 1169
0 6450
cfn=(140) check_match.10789
calls=92 0 
0 14233
0 644

fn=(148)
0 60
cfi=(11)
cfn=(92)
calls=4 82 
0 20
0 16

fn=(150) _dl_add_to_slotinfo
0 25

fn=(162) _dl_init
0 47
cfn=(164) call_init
calls=3 0 
0 234
0 7
cfn=(164)
calls=1 0 
0 31
0 21
cfn=(164)
calls=1 0 
0 71
0 2

fn=(38)
0 8

fn=(48) _dl_init_paths
0 12
cfn=(50) _dl_important_hwcaps
calls=1 0 
0 319
0 3
cfn=(28) malloc
calls=1 0 
0 29
0 13
cfn=(28)
calls=1 0 
0 29
0 103

fn=(56) _dl_debug_state
0 2

fn=(58) strsep
0 948

fn=(76) expand_dynamic_string_token
0 12
cfi=(9)
cfn=(74)
calls=1 26 
0 52
0 11
cfn=(78) local_strdup
calls=1 0 
0 171

fn=(78)
0 10
cfi=(2) /var/tmp/portage/sys-libs/glibc-2.13-r4/work/glibc-2.13/string/../sysdeps/x86_64/multiarch/../rtld-strlen.S
cfn=(10) strlen
calls=2 29 
0 135
0 6
cfn=(28)
calls=2 0 
0 58
0 18
cfi=(4) /var/tmp/portage/sys-libs/glibc-2.13-r4/work/glibc-2.13/string/../sysdeps/x86_64/multiarch/../memcpy.S
cfn=(34) memcpy
calls=2 56 
0 79

fn=(86) _dl_map_object_from_fd
0 34
cfn=(54) _dl_debug_initialize
calls=2 0 
0 18
0 10
cfn=(88) _fxstat
calls=2 0 
0 20
0 97
cfn=(20) _dl_new_object
calls=2 0 
0 966
0 401
cfn=(112)
calls=1 0 
0 6
0 266
cfi=(11)
cfn=(90)
calls=2 82 
0 12
0 100
cfi=(12) /var/tmp/portage/sys-libs/glibc-2.13-r4/work/glibc-2.13/string/../sysdeps/x86_64/multiarch/../memset.S
cfn=(94) memset
calls=2 44 
0 140
0 68
cfi=(11)
cfn=(90)
calls=2 82 
0 12
0 593
cfi=(10) /var/tmp/portage/sys-libs/glibc-2.13-r4/work/glibc-2.13/io/../sysdeps/unix/syscall-template.S
cfn=(96) close
calls=1 82 
0 5
0 2
cfi=(10)
cfn=(96)
calls=1 82 
0 5
0 24
cfn=(4)
calls=2 0 
0 46
0 30
cfn=(36) _dl_add_to_namespace_list
calls=2 0 
0 82
0 36
cfi=(11)
cfn=(92)
calls=2 82 
0 10
0 10
cfi=(11)
cfn=(90)
calls=1 82 
0 6
0 30

fn=(100) _dl_map_object_deps
0 423
cfi=(9)
cfn=(74)
calls=2 26 
0 68
0 20
cfn=(62) _dl_catch_error
calls=2 0 
0 4056
0 72
cfn=(28)
calls=2 0 
0 58
0 20
cfi=(4)
cfn=(34)
calls=2 56 
0 41
0 8
cfi=(4)
cfn=(34)
calls=2 56 
0 41
0 106
cfn=(28)
calls=1 0 
0 29
0 84
cfi=(12)
cfn=(94)
calls=1 44 
0 17
0 93
cfi=(12)
cfn=(94)
calls=2 44 
0 22
0 210
cfi=(4)
cfn=(34)
calls=1 56 
0 28
0 3

fn=(6) _dl_sysdep_start
0 474
cfn=(8) brk
calls=1 0 
0 11
0 7
cfn=(12)
calls=1 0 
0 17
0 11
cfn=(14) dl_main
calls=1 0 
0 86944
0 27
cfi=(2)
cfn=(10)
calls=1 29 
0 39
0 2

fn=(20)
0 45
cfi=(2)
cfn=(10)
calls=3 29 
0 151
0 57
cfn=(24) calloc
calls=3 0 
0 144
0 39
cfi=(4)
cfn=(34)
calls=3 56 
0 93
0 197
cfi=(2)
cfn=(10)
calls=2 29 
0 107
0 58
cfn=(28)
calls=2 0 
0 58
0 16
cfi=(7) /var/tmp/portage/sys-libs/glibc-2.13-r4/work/glibc-2.13/string/../sysdeps/x86_64/memcpy.S
cfn=(52) mempcpy
calls=2 56 
0 76
0 176

fn=(40)
0 8

fn=(120) _dl_check_map_versions
0 170
cfn=(72)
calls=7 0 
0 517
0 96
cfn=(122) match_symbol
calls=3 0 
0 509
0 6
cfn=(122)
calls=2 0 
0 306
0 304
cfn=(24)
calls=3 0 
0 114
0 641

fn=(136)
0 16017
cfn=(138)
calls=96 0 
0 39410
0 3318

fn=(152) _dl_allocate_tls_init
0 43
cfi=(7)
cfn=(52)
calls=1 56 
0 23
0 4
cfi=(12)
cfn=(94)
calls=1 44 
0 27
0 27

fn=(164)
0 118
cob=(3)
cfi=(14)
cfn=(186)
calls=1 0 
0 143
cob=(2) ???
cfi=(3) ???
cfn=(166) 0x0000000004a1f4e8
calls=1 0 
0 29
0 46

fn=(32)
0 388
cfi=(11)
cfn=(90)
calls=3 82 
0 18
0 164

fn=(60) do_preload
0 17
cfn=(62)
calls=1 0 
0 2228
0 10

fn=(70)
0 143
cfn=(72)
calls=7 0 
0 499
0 61
cfi=(9)
cfn=(74)
calls=2 26 
0 62
0 9
cfn=(76)
calls=1 0 
0 246
0 13
cfn=(80) open_verify
calls=1 0 
0 177
0 37
cfn=(86)
calls=2 0 
0 3029
0 10
cfi=(2)
cfn=(10)
calls=1 29 
0 58
0 21
cfn=(104)
calls=1 0 
0 6
0 8
cfn=(106) _dl_load_cache_lookup
calls=1 0 
0 1194
0 17
cfn=(80)
calls=1 0 
0 215
0 5
cfn=(78)
calls=1 0 
0 135
0 27
cfn=(104)
calls=1 0 
0 6
0 22
cfn=(104)
calls=1 0 
0 6
0 34
cfi=(5)
cfn=(42)
calls=2 135 
0 21
0 6

fn=(80)
0 43
cfi=(10)
cfn=(82) open
calls=2 82 
0 10
0 20
cfi=(10)
cfn=(84) read
calls=2 82 
0 10
0 309

fn=(108) _dl_sysdep_read_whole_file
0 11
cfi=(10)
cfn=(82)
calls=1 82 
0 5
0 7
cfn=(88)
calls=1 0 
0 10
0 8
cfi=(10)
cfn=(96)
calls=1 82 
0 5
0 14
cfi=(11)
cfn=(90)
calls=1 82 
0 6
0 2

fn=(118) _dl_check_all_versions
0 40
cfn=(120)
calls=4 0 
0 2663
0 35

fn=(130)
0 8
cfn=(24)
calls=1 0 
0 38
0 11

fn=(132) security_init
0 17

fn=(154) _dl_sysdep_start_cleanup
0 1

fn=(0) 0x00000000000015b0
0 2
cfn=(2) _dl_start
calls=1 0 
0 88253
0 14
cfn=(162)
calls=1 0 
0 413
0 3
cob=(5)
cfi=(17)
cfn=(198) 0x0000000000400afc
calls=1 0 
0 4270702038

fn=(2)
0 567
cfn=(4)
calls=1 0 
0 23
0 17
cfn=(6)
calls=1 0 
0 87532
0 114

fn=(16) process_envvars
0 23
cfn=(18) _dl_next_ld_env_entry
calls=1 0 
0 468
0 2
cfn=(18)
calls=1 0 
0 6
0 92

fn=(28)
0 54
cfn=(32)
calls=18 0 
0 521

fn=(72)
0 287
cfi=(5)
cfn=(42)
calls=41 135 
0 294
0 548
cfi=(5)
cfn=(42)
calls=45 135 
0 720
0 336

fn=(8)
0 11

fn=(24)
0 72
cfn=(28)
calls=8 0 
0 285

fn=(44) _dl_discover_osversion
0 17
cfi=(6) /var/tmp/portage/sys-libs/glibc-2.13-r4/work/glibc-2.13/posix/../sysdeps/unix/syscall-template.S
cfn=(46) uname
calls=1 82 
0 5
0 62

fn=(54)
0 45

fn=(114) _dl_receive_error
0 11
cfn=(64) _dl_initial_error_catch_tsd
calls=1 0 
0 2
0 7
cfn=(116) version_check_doit
calls=1 0 
0 2748
0 10

fn=(116)
0 6
cfn=(118)
calls=1 0 
0 2738
0 4

fn=(124) init_tls.part.3
0 7
cfn=(24)
calls=1 0 
0 61
0 34
cfn=(126)
calls=1 0 
0 61
0 1
cfn=(128)
calls=1 0 
0 431
0 16

fn=(14)
0 24
cfn=(16)
calls=1 0 
0 591
0 10
cfn=(20)
calls=1 0 
0 251
0 10
cfn=(36)
calls=1 0 
0 33
0 146
cfi=(5)
cfn=(42)
calls=1 135 
0 7
0 302
cfn=(4)
calls=1 0 
0 23
0 12
cfn=(48)
calls=1 0 
0 508
0 3
cfn=(54)
calls=1 0 
0 18
0 64
cfn=(56)
calls=1 0 
0 1
0 9
cfi=(10)
cfn=(98) access
calls=1 82 
0 11
0 18
cfn=(100)
calls=1 0 
0 5399
0 80
cfn=(114)
calls=1 0 
0 2778
0 7
cfn=(132)
calls=1 0 
0 17
0 83
cfn=(134)
calls=3 0 
0 66492
0 12
cfn=(150)
calls=1 0 
0 25
0 27
cfn=(152)
calls=1 0 
0 124
0 9
cfn=(54)
calls=1 0 
0 9
0 2
cfn=(56)
calls=1 0 
0 1
0 1
cfn=(156) _dl_unload_cache
calls=1 0 
0 15
0 52
cfn=(134)
calls=1 0 
0 5570
0 7
cfn=(154)
calls=1 0 
0 1
0 19
cfn=(124)
calls=1 0 
0 611
0 5
cfn=(44)
calls=1 0 
0 84
0 16
cfi=(2)
cfn=(10)
calls=1 29 
0 105
0 8
cfi=(4)
cfn=(34)
calls=1 56 
0 84
0 12
cfn=(58)
calls=1 0 
0 944
0 3
cfn=(58)
calls=1 0 
0 4
0 15
cfn=(60)
calls=1 0 
0 2255
0 27

fn=(18)
0 474

fn=(36)
0 21
cfn=(38)
calls=3 0 
0 6
0 68
cfn=(40)
calls=2 0 
0 4
0 12
cfn=(40)
calls=1 0 
0 2
0 2

fn=(140)
0 2004
cfi=(5)
cfn=(42)
calls=18 135 
0 1506
0 2517
cfi=(5)
cfn=(42)
calls=91 135 
0 7840
0 366

fn=(156)
0 7
cfi=(11)
cfn=(158)
calls=1 82 
0 5
0 3

fn=(50)
0 61
cfn=(28)
calls=1 0 
0 29
0 175
cfi=(7)
cfn=(52)
calls=1 56 
0 22
0 5
cfi=(7)
cfn=(52)
calls=1 56 
0 22
0 5

fn=(62)
0 27
cfn=(64)
calls=3 0 
0 6
0 18
cfi=(8)
cfn=(66)
calls=3 26 
0 57
0 24
cfn=(102)
calls=2 0 
0 3942
cfn=(68) map_doit
calls=1 0 
0 2171
0 39

fn=(64)
0 8

fn=(68)
0 9
cfn=(70)
calls=1 0 
0 2159
0 3

fn=(88)
0 30

fn=(106)
0 198
cfn=(110)
calls=10 0 
0 695
0 58
cfn=(108)
calls=1 0 
0 68
0 62
cfn=(110)
calls=1 0 
0 72
0 41

fn=(122)
0 344
cfi=(5)
cfn=(42)
calls=5 135 
0 416
0 55

fl=(10)
fn=(84)
82 8
+1 2

fn=(96)
82 12
+1 3

fn=(98)
82 4
+1 1
+1 6

fn=(82)
82 12
+1 3

fl=(12)
fn=(94)
44 6
+1 6
+1 6
+1 1
+1 1
+2 5
+1 5
+1 5
+1 5
+2 5
+1 5
+2 4
+5 4
+1 4
+1 4
+1 4
+1 4
329 1
+1 1
+1 1
+1 1
+1 1
+1 1
+1 1
+1 1
+1 1
+1 1
+1 1
+1 1
-8 1
+1 1
+1 1
+1 1
+1 1
+1 1
+1 1
+1 1
+1 1
-2 1
+1 1
+1 1
+25 1
+1 1
+50 1
+1 1
+87 1
+1 1
+1 1
+1 1
+1 1
+1 1
+1 1
+5 1
+1 1
+1 1
+1 1
+1 1
+36 1
+1 1
1212 1
+1 2
+4 1
+1 1
+1 2
+5 1
+2 1
+1 1
+1 1
+1 1
+1 1
+1 1
+1 1
+1 1
+1 1
+1 1
+1 1
+1 1
+1 1
+1 1
+1 1
+1 1
+2 1
+2 1
-21 3
+2 3
+1 3
+1 3
+1 3
+1 3
+1 3
+1 3
+1 3
+1 3
+1 3
+1 3
+1 3
+1 3
+1 3
+1 3
+1 3
+2 3
+2 3
+3 1
+1 1
+6 1
+1 1
+1 1
+1 1
+1 1

fl=(2)
fn=(10)
29 10
+1 10
+1 10
+1 10
+2 5
+1 5
+2 5
+1 5
-1 12
+1 12
+1 17
+1 17
+1 17
+2 20
+5 10
+1 10
+1 10
+1 10
+3 10
-6 4
+1 4
+1 4
+1 4
+3 4
+1 13
+1 13
+1 13
+2 13
+3 10
+1 10
+1 10
+1 10
+3 10
+1 10
+1 10
+1 10
+2 10
+3 8
+1 8
+1 8
+1 8
+3 8
+1 4
+1 4
+1 4
+2 4
+3 4
+1 4
+1 4
+1 4
+3 4
+1 4
+1 4
+1 4
+2 4
+3 10
+2 10
+1 10
+1 8
+2 8
+1 8
+1 5
+2 5
+1 5
+1 5
+2 5
+1 5
+1 5
+2 5
+2 5
+1 5
+1 4
+2 4
+1 4
+7 10
+1 10

fl=(18) /var/tmp/portage/sys-libs/glibc-2.13-r4/work/glibc-2.13/elf/../sysdeps/x86_64/dl-trampoline.S
fn=(206) _dl_runtime_resolve
30 6
+2 6
+1 6
+1 6
+1 6
+1 6
+1 6
+1 6
+1 6
+1 6
+1 6
cfi=(1)
cfn=(208)
calls=6 -41 
* 5079
+1 6
+1 6
+1 6
+1 6
+1 6
+1 6
+1 6
+1 6
+1 6
+2 6

fl=(4)
fn=(34)
56 11
+2 11
+2 11
+3 10
+1 10
+2 3
+1 3
+2 3
+1 3
+5 3
+1 3
-1 7
+1 7
+2 3
+1 3
+2 3
+1 6
+5 3
+1 3
-1 7
+1 7
+2 1
+1 1
+2 1
+1 1
+5 1
+1 1
-1 9
+1 9
+2 4
+1 4
+2 4
+1 4
+5 4
+1 4
-1 6
+1 11
+5 5
+1 5
+1 5
+1 5
+2 5
+2 5
+1 5
+2 5
+8 10
+8 4
+6 4
+2 4
+1 4
+3 1
+1 2
+5 1
+1 1
+2 1
+2 1
+1 1
+2 1
-8 4
+1 4
+2 4
+2 4
+1 4
+2 5
+9 1
+1 1
-1 3
+1 3
+3 4
+1 4
+1 4
+5 4
+2 4
+1 4
+1 4
+1 4
+2 4
+1 4
+1 4
+1 4
+2 4
+1 4
+2 4
+22 4
+6 4
+1 4
+2 1

fl=(6)
fn=(46)
82 4
+1 1

fl=(7)
fn=(52)
56 5
+4 5
+3 5
+1 5
+2 2
+1 2
+2 2
+1 2
+5 2
+1 2
-1 3
+1 3
+2 3
+1 3
+2 3
+1 3
+5 3
+1 3
-1 2
+1 2
+2 1
+1 1
+2 1
+1 1
+5 1
+1 1
-1 4
+1 4
+11 5
+1 8
+5 3
+1 3
+1 3
+1 3
+2 3
+2 3
+1 3
+2 3
+6 5
+4 5
+12 1
+2 1
+1 1
+26 1
+1 1
+3 1
+1 1
+1 1
+5 1
+2 1
+1 1
+1 1
+1 1
+2 1
+1 1
+1 1
+1 1
+2 1
+1 1
+2 1
+22 1
+2 1

ob=(2)
fl=(3)
fn=(166)
0 2
cob=(4) /usr/lib64/valgrind/vgpreload_core-amd64-linux.so
cfi=(15) ???
cfn=(168) 0x0000000000000530
calls=1 0 
0 6
0 1
cob=(4)
cfi=(15)
cfn=(174) 0x00000000000005d0
calls=1 0 
0 6
0 1
cob=(4)
cfi=(15)
cfn=(180) 0x0000000000000740
calls=1 0 
0 11
0 2

fn=(220) 0x00000000004007e8
0 2
cob=(5)
cfi=(17)
cfn=(222) 0x0000000000400b28
calls=1 0 
0 6
0 1
cob=(5)
cfi=(17)
cfn=(228) 0x0000000000400bb0
calls=1 0 
0 6
0 1
cob=(5)
cfi=(17)
cfn=(234) 0x0000000000400c80
calls=1 0 
0 11
0 2

ob=(5)
fl=(17)
fn=(198)
0 11
cob=(3)
cfi=(14)
cfn=(210)
calls=1 0 
0 4270701072
cob=(1)
cfi=(18)
cfn=(206)
calls=1 30 
0 955

fn=(228)
0 6

fn=(222)
0 6

fn=(234)
0 11

fn=(218)
0 15
cob=(2)
cfi=(3)
cfn=(220)
calls=1 0 
0 29
0 10

fl=(21)
fn=(246)
49 1
+3 2
-3 6
+3 2
cob=(3)
cfi=(14)
cfn=(252)
calls=1 -52 
* 844
cob=(1)
cfi=(18)
cfn=(206)
calls=1 -22 
* 901
+1 2
cob=(3)
cfi=(14)
cfn=(292)
calls=1 -53 
* 58627
cob=(1)
cfi=(18)
cfn=(206)
calls=1 -23 
* 779
+1 1
-1 1
+1 1
cob=(3)
cfi=(14)
cfn=(292)
calls=1 -54 
* 189
+1 1
-1 1
+1 1
cob=(3)
cfi=(14)
cfn=(292)
calls=1 -55 
* 189
+1 1
-1 1
+1 1
cob=(3)
cfi=(14)
cfn=(292)
calls=1 -56 
* 336
* 4
+3 3
-2 2
+2 2999997
-2 1999998
+4 5
+3 12
cob=(3)
cfi=(14)
cfn=(252)
calls=3 -64 
* 2643
+1 3
fi=(26) /usr/include/bits/string3.h
+20 9
fe=(21)
-20 9
fi=(26)
+20 3
cob=(3)
cfi=(25)
cfn=(320)
calls=3 -47 
* 4824861
cob=(1)
cfi=(18)
cfn=(206)
calls=1 -55 
* 892
fe=(21)
-19 18
+2 9
-2 6
+2 3
cob=(3)
cfi=(14)
cfn=(252)
calls=3 -68 
* 2122
* 8999991
-2 5999994
+2 2999997
cob=(3)
cfi=(14)
cfn=(252)
calls=2999997 -68 
* 2321498036
-2 9000000
+51 3
-47 3
fi=(26)
+15 6
fe=(21)
-37 18
fi=(26)
+37 6
fe=(21)
-12 3
fi=(26)
+12 57
fe=(21)
-12 27
fi=(26)
+12 2757
fe=(21)
-12 60
+4 120
-4 60
+4 119999880
-4 60000000
+10 90
-4 60
+4 8010
-4 5340
+6 60
-37 90
+40 180
-3 30
+3 60
-3 30
+3 179999820
-3 29999970
+3 59999940
-3 30000000
-15 168
+30 12
-39 10
+39 9
+3 17668512
cob=(3)
cfi=(13)
cfn=(334)
calls=2208563 230 
* 73405112
cob=(1)
cfi=(18)
cfn=(206)
calls=1 -73 
* 803
* 6625689
+1 648813
-4 11042818
fi=(27) /usr/include/bits/stdio2.h
+5 9358512
cob=(3)
cfi=(14)
cfn=(342)
calls=1559752 0 
* 1308863104
cob=(1)
cfi=(18)
cfn=(206)
calls=1 -75 
* 875
fe=(21)
+3 4679253

ob=(4)
fl=(15)
fn=(174)
0 6

fn=(168)
0 6

fn=(180)
0 11

totals: 4270790723
